min
temps=6500:3600
latlon=-16.299999:-71.500000
speed=1000
method=Auto
map=177.00,100.00;3.00,100.00;-6.00,0.00;-174.00,0.00;
